MAP TASKS DISTRIBUTION(TIME, #TASKS RUNNING)
1475116154467 1
1475116154473 2
1475116154474 3
1475116154475 5
1475116154476 8
1475116154477 11
1475116154478 14
1475116154479 15
1475116154480 17
1475116154481 21
1475116154482 24
1475116154483 27
1475116178760 29
1475116179264 28
1475116179544 27
1475116180015 26
1475116182748 25
1475116183091 24
1475116183837 23
1475116184185 22
1475116184214 21
1475116184280 20
1475116184671 19
1475116184923 18
1475116190494 17
1475116190852 16
1475116191064 15
1475116191196 14
1475116191549 13
1475116197897 12
1475116202274 11
1475116203198 10
1475116204370 9
1475116204666 8
1475116204853 7
1475116205197 6
1475116205445 5
1475116207154 4
1475116208368 3
1475116209855 2
1475116211377 1
1475116211534 0
1475116259391 1
1475116259402 2
1475116274108 3
1475116274299 2
1475116274386 1
1475116274826 0
1475116281146 1
1475116281152 2
1475116281153 4
1475116292258 4
1475116292372 3
1475116293243 2
1475116293339 1
1475116309437 0
1475116347396 1
1475116347403 2
1475116347404 5
1475116358060 5
1475116358776 4
1475116358897 3
1475116358987 2
1475116366903 1
1475116373519 0
1475116414338 1
1475116414345 2
1475116423204 2
1475116436790 1
1475116437108 0
1475116485532 1
1475116485539 2
1475116499075 1
1475116499134 0
1475116510679 1
1475116522040 0
1475116537612 1
1475116542986 0
REDUCE TASKS DISTRIBUTION(TIME, #TASKS RUNNING)
1475116154484 1
1475116154485 4
1475116154486 8
1475116154487 12
1475116154488 16
1475116154489 20
1475116154490 24
1475116154491 28
1475116154493 31
1475116222336 31
1475116222877 30
1475116223975 29
1475116224127 28
1475116224659 27
1475116224864 26
1475116225401 25
1475116225436 24
1475116225900 23
1475116226258 22
1475116226384 21
1475116227227 20
1475116227565 19
1475116229832 18
1475116231438 17
1475116232206 16
1475116233060 15
1475116234031 14
1475116234920 13
1475116235247 12
1475116235282 11
1475116236004 10
1475116236329 9
1475116236684 8
1475116237020 7
1475116237071 6
1475116237262 5
1475116238083 4
1475116242744 3
1475116245925 2
1475116247642 1
1475116248116 0
1475116281153 1
1475116281154 2
1475116330483 1
1475116340699 0
1475116347404 1
1475116396578 1
1475116407676 0
1475116414345 1
1475116414346 2
1475116459195 1
1475116468875 0
1475116510686 1
1475116529817 0
1475116537617 1
1475116548730 0
Total Maps: 52
Total Reduces: 40
