MAP TASKS DISTRIBUTION(TIME, #TASKS RUNNING)
1475112770109 1
1475112770116 2
1475112770117 4
1475112770118 7
1475112770119 11
1475112770120 14
1475112770121 15
1475112770122 17
1475112770123 21
1475112770124 24
1475112770125 27
1475112770126 30
1475112770127 33
1475112770128 36
1475112770129 40
1475112770130 43
1475112770131 46
1475112770132 49
1475112770133 52
1475112770134 55
1475112770135 58
1475112770136 62
1475112770137 65
1475112770138 68
1475112770139 71
1475112770140 75
1475112770141 79
1475112770142 82
1475112796326 82
1475112796892 81
1475112797791 80
1475112798346 79
1475112798511 78
1475112799259 77
1475112800276 76
1475112800744 75
1475112800790 74
1475112801020 73
1475112801153 72
1475112801190 71
1475112805029 70
1475112805052 69
1475112806033 68
1475112808032 67
1475112817768 66
1475112819697 65
1475112821335 64
1475112821821 63
1475112822996 62
1475112825956 61
1475112826105 60
1475112826134 59
1475112826480 58
1475112826923 57
1475112826979 56
1475112827482 55
1475112835680 54
1475112836508 53
1475112837237 52
1475112838863 51
1475112840886 50
1475112846724 49
1475112847127 48
1475112849421 47
1475112849643 46
1475112849905 45
1475112850032 44
1475112850943 43
1475112851533 42
1475112852711 41
1475112852798 40
1475112852922 39
1475112857607 38
1475112864722 37
1475112865026 36
1475112867394 35
1475112869352 34
1475112869689 33
1475112878029 32
1475112878098 31
1475112878720 30
1475112878897 29
1475112879224 28
1475112888508 27
1475112890461 26
1475112891432 25
1475112892453 24
1475112893778 23
1475112896393 22
1475112896960 21
1475112898082 20
1475112898193 19
1475112899421 18
1475112904590 17
1475112904907 16
1475112905174 15
1475112905922 14
1475112905938 13
1475112906291 12
1475112910810 11
1475112915807 10
1475112917194 9
1475112917367 8
1475112917374 7
1475112918148 6
1475112919642 5
1475112920066 4
1475112920436 3
1475112920526 2
1475112922234 1
1475112932139 0
1475113015883 1
1475113015889 2
1475113015890 4
1475113038059 3
1475113040697 2
1475113042594 1
1475113042684 0
1475113051441 1
1475113051447 2
1475113081038 3
1475113081641 2
1475113085174 1
1475113085577 0
1475113100314 1
1475113100319 2
1475113114976 3
1475113116036 2
1475113116685 1
1475113116864 0
1475113124093 1
1475113129523 0
1475113144196 1
1475113149636 0
REDUCE TASKS DISTRIBUTION(TIME, #TASKS RUNNING)
1475112770142 1
1475112770143 3
1475112770144 8
1475112770145 13
1475112770146 17
1475112770147 21
1475112770148 26
1475112770149 30
1475112770150 35
1475112770151 40
1475112770152 45
1475112770153 49
1475112770154 53
1475112770155 58
1475112770156 63
1475112770157 67
1475112770158 72
1475112770159 77
1475112770160 81
1475112770161 86
1475112943837 85
1475112943940 84
1475112944016 83
1475112945299 82
1475112945453 81
1475112945541 80
1475112946694 79
1475112946882 78
1475112947061 77
1475112947601 76
1475112947710 75
1475112947817 74
1475112948641 73
1475112951484 72
1475112951914 71
1475112954760 70
1475112954890 69
1475112955287 68
1475112955415 67
1475112955738 66
1475112958104 65
1475112958382 64
1475112958443 63
1475112958496 62
1475112958504 61
1475112959194 60
1475112960414 59
1475112960529 58
1475112964468 57
1475112966718 56
1475112966890 55
1475112967062 54
1475112967486 53
1475112967569 52
1475112968247 51
1475112968845 50
1475112969702 49
1475112969752 48
1475112969848 47
1475112969868 46
1475112970419 45
1475112970641 44
1475112971926 43
1475112972249 42
1475112978186 41
1475112978193 40
1475112979072 39
1475112979172 38
1475112980691 37
1475112980808 36
1475112980896 35
1475112981099 34
1475112981407 33
1475112982026 32
1475112982132 31
1475112982374 30
1475112983163 29
1475112983652 28
1475112984560 27
1475112988428 26
1475112989564 25
1475112989599 24
1475112990745 23
1475112990795 22
1475112991708 21
1475112992962 20
1475112993123 19
1475112993368 18
1475112993621 17
1475112993976 16
1475112994438 15
1475112995259 14
1475112997320 13
1475113000124 12
1475113000286 11
1475113000540 10
1475113000768 9
1475113000785 8
1475113002709 7
1475113003131 6
1475113003136 5
1475113003622 4
1475113003635 3
1475113004317 2
1475113004360 1
1475113005321 0
1475113124099 1
1475113135016 0
1475113144207 1
1475113155200 0
Total Maps: 97
Total Reduces: 88
