MAP TASKS DISTRIBUTION(TIME, #TASKS RUNNING)
1475115031502 1
1475115031515 2
1475115031542 3
1475115031547 4
1475115031572 5
1475115031578 6
1475115031591 7
1475115031592 8
1475115033839 9
1475115033844 10
1475115033856 11
1475115033858 12
1475115034396 11
1475115034490 10
1475115034537 9
1475115034700 8
1475115034859 7
1475115035112 8
1475115035118 9
1475115035131 10
1475115035194 11
1475115035911 12
1475115036278 13
1475115036318 14
1475115037527 15
1475115037889 16
1475115042395 15
1475115045071 16
1475115045131 15
1475115046094 14
1475115047643 15
1475115047778 14
1475115048843 15
1475115049724 14
1475115050594 15
1475115051406 14
1475115051419 13
1475115052046 14
1475115052148 13
1475115053551 12
1475115053673 13
1475115053696 14
1475115054242 13
1475115054911 14
1475115055278 13
1475115055494 12
1475115055718 11
1475115056547 12
1475115056803 11
1475115057163 12
1475115057460 11
1475115058010 12
1475115058975 11
1475115059165 12
1475115059510 13
1475115059958 14
1475115060426 15
1475115061306 14
1475115061621 13
1475115061744 14
1475115063891 15
1475115064014 16
1475115064248 15
1475115066450 14
1475115066884 13
1475115067084 12
1475115067149 11
1475115067322 12
1475115067554 11
1475115068399 10
1475115068437 11
1475115068605 12
1475115069118 13
1475115069758 14
1475115070505 13
1475115070901 12
1475115071183 13
1475115071915 14
1475115072004 13
1475115073125 12
1475115073148 13
1475115073609 12
1475115073991 11
1475115074007 12
1475115074503 13
1475115074677 12
1475115075168 11
1475115076170 12
1475115076776 11
1475115076806 12
1475115076886 11
1475115076922 12
1475115078727 11
1475115078793 12
1475115078799 13
1475115079343 14
1475115079433 13
1475115080926 14
1475115081336 13
1475115081427 14
1475115082056 15
1475115083191 14
1475115084008 15
1475115084730 14
1475115085551 13
1475115085776 14
1475115086980 15
1475115087676 14
1475115088427 15
1475115089173 14
1475115089576 13
1475115090797 14
1475115091662 13
1475115091725 14
1475115092077 15
1475115092425 14
1475115092732 13
1475115093836 12
1475115094122 13
1475115094484 12
1475115094896 13
1475115094969 12
1475115095969 13
1475115096471 12
1475115096561 13
1475115097638 12
1475115097645 13
1475115098893 14
1475115099880 15
1475115099952 14
1475115100128 15
1475115104960 16
1475115106149 15
1475115107827 14
1475115108334 15
1475115110340 16
1475115112253 15
1475115113026 14
1475115114275 15
1475115115771 16
1475115118242 15
1475115118281 14
1475115120489 15
1475115121222 16
1475115122503 15
1475115125258 14
1475115126144 15
1475115128117 16
1475115128634 15
1475115128707 14
1475115130905 13
1475115131139 14
1475115131306 15
1475115131572 14
1475115132042 13
1475115132936 12
1475115133231 13
1475115133880 14
1475115134131 13
1475115135471 14
1475115135699 15
1475115137969 16
1475115140974 15
1475115141687 14
1475115143767 13
1475115144037 14
1475115144051 15
1475115146635 16
1475115151282 15
1475115151654 14
1475115152190 13
1475115153513 14
1475115153703 15
1475115155356 14
1475115156024 15
1475115158533 16
1475115162111 15
1475115164612 16
1475115166021 15
1475115168351 14
1475115168657 15
1475115169882 16
1475115171186 15
1475115172984 14
1475115173303 13
1475115173683 14
1475115174072 13
1475115175357 14
1475115176456 13
1475115176816 14
1475115177238 15
1475115178949 14
1475115179441 15
1475115180090 14
1475115181318 13
1475115182242 14
1475115182377 15
1475115184141 16
1475115185347 15
1475115187034 14
1475115188083 15
1475115190762 16
1475115193202 15
1475115194670 14
1475115195609 15
1475115198389 16
1475115203384 15
1475115205644 16
1475115206052 15
1475115208320 16
1475115211552 15
1475115213891 14
1475115213931 15
1475115215580 14
1475115215998 13
1475115216065 14
1475115216460 13
1475115217647 14
1475115218302 15
1475115219469 16
1475115220814 15
1475115222355 14
1475115223467 15
1475115223709 14
1475115225157 13
1475115225483 12
1475115225544 13
1475115225963 14
1475115227763 13
1475115227921 14
1475115228377 15
1475115230936 14
1475115231612 15
1475115234180 14
1475115234572 15
1475115236638 16
1475115237636 15
1475115238709 14
1475115240236 15
1475115241528 14
1475115243581 15
1475115243680 16
1475115244315 15
1475115253234 14
1475115256325 13
1475115259830 12
1475115263185 11
1475115263302 10
1475115264833 9
1475115265620 8
1475115266113 7
1475115266872 6
1475115267221 5
1475115272583 4
1475115277631 3
1475115292468 2
1475115298522 1
1475115302184 0
REDUCE TASKS DISTRIBUTION(TIME, #TASKS RUNNING)
1475115304226 1
1475115304262 2
1475115304270 3
1475115304294 4
1475115305466 5
1475115305520 6
1475115305531 7
1475115305543 8
1475115305743 7
1475115305791 6
1475115305833 5
1475115306564 6
1475115306672 7
1475115306755 8
1475115306992 7
1475115307070 6
1475115307218 5
1475115307225 6
1475115307302 7
1475115307544 6
1475115307973 5
1475115308044 4
1475115308331 5
1475115308492 4
1475115308809 3
1475115308832 2
1475115309913 1
1475115310630 0
1475115311901 1
1475115313674 0
Total Maps: 129
Total Reduces: 15
