MAP TASKS DISTRIBUTION(TIME, #TASKS RUNNING)
1475118256517 1
1475118256574 2
1475118256590 3
1475118256591 4
1475118256934 5
1475118257023 6
1475118257119 7
1475118259060 9
1475118259061 10
1475118259089 11
1475118259278 12
1475118259346 13
1475118259347 14
1475118260496 14
1475118261052 13
1475118261161 14
1475118262126 15
1475118262210 14
1475118263591 15
1475118264622 14
1475118264691 13
1475118264795 12
1475118264822 11
1475118265103 12
1475118265827 11
1475118265872 10
1475118265874 9
1475118265881 8
1475118265882 7
1475118265981 6
1475118266008 5
1475118266613 4
1475118267045 3
1475118267077 4
1475118267269 5
1475118267408 4
1475118267452 5
1475118267515 6
1475118267602 7
1475118267748 8
1475118267901 9
1475118268585 10
1475118268648 9
1475118268656 10
1475118268814 11
1475118268877 12
1475118268897 13
1475118268961 14
1475118270361 15
1475118270825 16
1475118271242 15
1475118271972 14
1475118272612 13
1475118272742 12
1475118273664 11
1475118274157 12
1475118274550 13
1475118275598 14
1475118276029 15
1475118277570 16
1475118277846 15
1475118281717 16
1475118380890 15
1475118381208 14
1475118381391 13
1475118382651 14
1475118383646 15
1475118383670 16
1475118384144 15
1475118386596 16
1475118395554 15
1475118396926 14
1475118397138 13
1475118398144 14
1475118398409 13
1475118398982 14
1475118399522 13
1475118400359 12
1475118400493 13
1475118400704 14
1475118401712 15
1475118403081 16
1475118403367 15
1475118406456 16
1475118420367 15
1475118424165 16
1475118484297 15
1475118486566 16
1475118503678 15
1475118506003 16
1475118509351 15
1475118511511 16
1475118512117 15
1475118514388 16
1475118519753 15
1475118522560 16
1475118526081 15
1475118527875 14
1475118529043 13
1475118529316 14
1475118529750 13
1475118530017 14
1475118530496 13
1475118530957 12
1475118531102 13
1475118532024 14
1475118533348 15
1475118534203 16
1475118551421 15
1475118555146 16
1475118571471 15
1475118573656 16
1475118577222 15
1475118579551 16
1475118590462 15
1475118591348 14
1475118592641 13
1475118592805 14
1475118593587 15
1475118595032 16
1475118613292 15
1475118614226 14
1475118615363 15
1475118616588 16
1475118648973 15
1475118651765 16
1475118654631 15
1475118656532 14
1475118656692 13
1475118657465 12
1475118658010 13
1475118658350 12
1475118658502 11
1475118658838 12
1475118660133 11
1475118678968 10
1475118693882 9
1475118694512 8
1475118708346 7
1475118720528 6
1475118748930 5
1475118750837 4
1475118792544 3
1475118838108 2
1475118906782 1
1475118907778 0
REDUCE TASKS DISTRIBUTION(TIME, #TASKS RUNNING)
1475118909550 1
1475118909845 2
1475118909894 3
1475118922586 2
1475118922603 1
1475118928471 0
1475118929860 1
1475118930080 2
1475118931323 3
1475118944954 2
1475118945100 1
1475118954160 0
1475118955610 1
1475118956108 2
1475118956128 3
1475118969000 2
1475118969358 1
1475118969378 0
1475118970991 1
1475118972029 0
1475118973661 1
1475118975223 0
Total Maps: 75
Total Reduces: 11
