MAP TASKS DISTRIBUTION(TIME, #TASKS RUNNING)
1475114087951 1
1475114087957 2
1475114087958 4
1475114087959 8
1475114087960 11
1475114087961 14
1475114087962 16
1475114087963 18
1475114087964 21
1475114087965 24
1475114109994 25
1475114110019 24
1475114110206 23
1475114110241 22
1475114113643 21
1475114113976 20
1475114114527 19
1475114114556 18
1475114114586 17
1475114114612 16
1475114114972 15
1475114115139 14
1475114117772 13
1475114118261 12
1475114118366 11
1475114118404 10
1475114124487 9
1475114127318 8
1475114128439 7
1475114129180 6
1475114131108 5
1475114131195 4
1475114131427 3
1475114133672 2
1475114135357 1
1475114135892 0
1475114141795 1
1475114141800 2
1475114141801 4
1475114141802 7
1475114141803 10
1475114141804 13
1475114141805 15
1475114141806 17
1475114141807 20
1475114141808 23
1475114141809 26
1475114141810 29
1475114141811 33
1475114141812 36
1475114141813 39
1475114141814 42
1475114141815 45
1475114141816 48
1475114165770 50
1475114166161 49
1475114166278 48
1475114166415 47
1475114166650 46
1475114166909 45
1475114167652 44
1475114167814 43
1475114167970 42
1475114168002 41
1475114168110 40
1475114168328 39
1475114169075 38
1475114169699 37
1475114170428 36
1475114171669 35
1475114189274 34
1475114189350 33
1475114189381 32
1475114190099 31
1475114190969 30
1475114191058 29
1475114191135 28
1475114191207 27
1475114191210 26
1475114191628 25
1475114192201 24
1475114192326 23
1475114193302 22
1475114194212 21
1475114195832 20
1475114196283 19
1475114201761 18
1475114208978 17
1475114212050 16
1475114216100 15
1475114216536 14
1475114218560 13
1475114224017 12
1475114224378 11
1475114224516 10
1475114224631 9
1475114224811 8
1475114225109 7
1475114225171 6
1475114225285 5
1475114227902 4
1475114228437 3
1475114228890 2
1475114231772 1
1475114231999 0
1475114238663 1
1475114238671 2
1475114238672 5
1475114238673 8
1475114238674 11
1475114238675 15
1475114238676 16
1475114238677 18
1475114238678 21
1475114238679 25
1475114238680 29
1475114238681 32
1475114238682 35
1475114238683 38
1475114238684 41
1475114238685 43
1475114238686 47
1475114238687 50
1475114238688 54
1475114238689 55
1475114238690 59
1475114238691 63
1475114238692 66
1475114238693 70
1475114238694 73
1475114260267 75
1475114260780 74
1475114260976 73
1475114261355 72
1475114261718 71
1475114262580 70
1475114262603 69
1475114262850 68
1475114262879 67
1475114262916 66
1475114262929 65
1475114263023 64
1475114263869 63
1475114265279 62
1475114265398 61
1475114265458 60
1475114277521 59
1475114277772 58
1475114279607 57
1475114280622 56
1475114280906 55
1475114282170 54
1475114283531 53
1475114283649 52
1475114284090 51
1475114284487 50
1475114285254 49
1475114285885 48
1475114287678 47
1475114288364 46
1475114288721 45
1475114289376 44
1475114289648 43
1475114290403 42
1475114293192 41
1475114295717 40
1475114297634 39
1475114298781 38
1475114298840 37
1475114298862 36
1475114304112 35
1475114305929 34
1475114305998 33
1475114306786 32
1475114308067 31
1475114309561 30
1475114310181 29
1475114310602 28
1475114313667 27
1475114313758 26
1475114318927 25
1475114319101 24
1475114321718 23
1475114323369 22
1475114326997 21
1475114327261 20
1475114327699 19
1475114328678 18
1475114329436 17
1475114332911 16
1475114333203 15
1475114334292 14
1475114334829 13
1475114335266 12
1475114336536 11
1475114337121 10
1475114338127 9
1475114338622 8
1475114339808 7
1475114341023 6
1475114342635 5
1475114342741 4
1475114346850 3
1475114351577 2
1475114351787 1
1475114351925 0
1475114364929 1
1475114364934 2
1475114364935 3
1475114364936 6
1475114364937 7
1475114364938 8
1475114364939 10
1475114373326 11
1475114374722 10
1475114375070 9
1475114375286 8
1475114375949 7
1475114376027 6
1475114376201 5
1475114376462 4
1475114376662 3
1475114376703 2
1475114378412 1
1475114379817 0
1475114392845 1
1475114392860 2
1475114392874 3
1475114401149 2
1475114401452 1
1475114401640 0
1475114413743 1
1475114419628 0
REDUCE TASKS DISTRIBUTION(TIME, #TASKS RUNNING)
1475114392875 1
1475114409829 0
1475114413748 1
1475114425778 0
Total Maps: 169
Total Reduces: 2
