MAP TASKS DISTRIBUTION(TIME, #TASKS RUNNING)
1475113458112 1
1475113458128 2
1475113458218 3
1475113458277 4
1475113460233 5
1475113460247 6
1475113460248 7
1475113460262 8
1475113460822 9
1475113460826 10
1475113460832 11
1475113460836 12
1475113461618 13
1475113461630 14
1475113461640 15
1475113461646 16
1475113464464 15
1475113464788 14
1475113465029 13
1475113466155 14
1475113466449 15
1475113467677 16
1475113481361 15
1475113481756 14
1475113481780 13
1475113481856 12
1475113483218 13
1475113483268 14
1475113483485 15
1475113483771 14
1475113484776 15
1475113485083 14
1475113485094 13
1475113485275 12
1475113485413 11
1475113486830 12
1475113486838 13
1475113486874 14
1475113486963 15
1475113488153 16
1475113488508 15
1475113488686 14
1475113488739 13
1475113488757 12
1475113489866 11
1475113490254 12
1475113490262 11
1475113490389 12
1475113491301 13
1475113491444 14
1475113492944 15
1475113493144 16
1475113495509 15
1475113496947 14
1475113497892 13
1475113498023 14
1475113498378 13
1475113498462 12
1475113498563 11
1475113498596 10
1475113499933 11
1475113501028 12
1475113501034 13
1475113501036 14
1475113501109 15
1475113502360 14
1475113502583 15
1475113504782 14
1475113504889 13
1475113505822 14
1475113506457 15
1475113507833 16
1475113508713 15
1475113509473 14
1475113509486 13
1475113509598 12
1475113510287 11
1475113510847 12
1475113510946 13
1475113511926 14
1475113512106 15
1475113513157 16
1475113513455 15
1475113513508 14
1475113515177 15
1475113515485 14
1475113515606 13
1475113515820 12
1475113516370 13
1475113516605 12
1475113516975 13
1475113517596 12
1475113518021 13
1475113518775 14
1475113519080 15
1475113520487 16
1475113521434 15
1475113521639 14
1475113522275 13
1475113523599 12
1475113523633 11
1475113523750 12
1475113524407 11
1475113524564 12
1475113524748 11
1475113524877 12
1475113525620 11
1475113526322 12
1475113526583 13
1475113526883 14
1475113527708 15
1475113528244 14
1475113528799 15
1475113529245 14
1475113529485 13
1475113529981 12
1475113530597 13
1475113531012 12
1475113531097 11
1475113531376 10
1475113531777 11
1475113532001 12
1475113532796 13
1475113532863 14
1475113532969 13
1475113533074 12
1475113534199 13
1475113534692 14
1475113534823 13
1475113535049 12
1475113535145 11
1475113535344 10
1475113535647 9
1475113535844 8
1475113535925 9
1475113536013 10
1475113536103 9
1475113537019 10
1475113537630 11
1475113537669 10
1475113537712 11
1475113538410 12
1475113538493 13
1475113538995 14
1475113539008 13
1475113539439 12
1475113539708 13
1475113540296 14
1475113540882 13
1475113541611 12
1475113542001 13
1475113542180 12
1475113542239 13
1475113542639 12
1475113543051 13
1475113543824 12
1475113543851 11
1475113544299 12
1475113544655 11
1475113544756 10
1475113544999 11
1475113545383 10
1475113545489 11
1475113546127 10
1475113546131 9
1475113546354 8
1475113546469 7
1475113546594 8
1475113546636 9
1475113546695 8
1475113547365 9
1475113547413 10
1475113547629 9
1475113547690 8
1475113547787 9
1475113548631 8
1475113548758 7
1475113549373 6
1475113550016 5
1475113550490 4
1475113550726 3
1475113551122 2
1475113551160 1
1475113553087 0
REDUCE TASKS DISTRIBUTION(TIME, #TASKS RUNNING)
1475113554734 1
1475113555198 2
1475113555889 3
1475113706495 2
1475113728221 1
1475113787542 0
1475113789366 1
1475113790202 0
1475113792077 1
1475113794108 0
Total Maps: 92
Total Reduces: 5
